9.563294306095214381e+01
8.436361652406556288e+01
9.422236208413464453e+01
8.836981971263917046e+01
9.262114404673128831e+01
9.215949094515744378e+01
9.340604623742427748e+01
8.788233475770896064e+01
9.341769418769706590e+01
9.412069845918861688e+01
9.344426263622329998e+01
9.369063587496893319e+01
9.317450576128054252e+01
8.811941153335426691e+01
8.442376184799245209e+01
9.447082090479742078e+01
8.907972832201681967e+01
9.246626155363240684e+01
9.436064933376505337e+01
9.264657589747112354e+01
8.979729474927064814e+01
1.004853922593115954e+02
9.424556047790990476e+01
9.419459853375983016e+01
8.990376625521672338e+01
8.735608736606616276e+01
9.328597456074938066e+01
9.380708258925650966e+01
8.204622381013120958e+01
9.309759532359983325e+01
9.469242411234088763e+01
9.129674470478957460e+01
8.275322434652065340e+01
9.988127767802242829e+01
9.470562959528761837e+01
9.600939331573712821e+01
9.555003654970759897e+01
9.181364759540535658e+01
9.353455582702095228e+01
8.834270273231548742e+01
9.281565418438773918e+01
9.238292372313146927e+01
8.526091233630310739e+01
9.367183096864084746e+01
8.845529962583565009e+01
9.140889560193362229e+01
9.257769621551081229e+01
8.894452551611131241e+01
8.944816732243546653e+01
9.183114668779518297e+01
9.761403893075343774e+01
9.850041950397059054e+01
9.044417232492118330e+01
9.252702094535369781e+01
9.286779717283513946e+01
9.292110905059068671e+01
8.520530117940265313e+01
9.328577844335858060e+01
8.587868972160079295e+01
1.013168839207451839e+02
8.877563937458299392e+01
9.347477326098615436e+01
9.542132814441958999e+01
9.268530636341040463e+01
9.721496146336198763e+01
8.599473798683882819e+01
9.128983770948623544e+01
9.108223635150515918e+01
9.434103248426808364e+01
8.743429572720019394e+01
9.152466671899735218e+01
9.293910810536782208e+01
9.281757820165627493e+01
9.341223891897902831e+01
9.424659781094234745e+01
9.845246796381334775e+01
9.147613418566925247e+01
9.422853514168529898e+01
8.963660673986420591e+01
9.646071883544617265e+01
9.202995796374790416e+01
8.940942643124404299e+01
9.334518672239883585e+01
9.431416207137905872e+01
9.975568769051638185e+01
8.808874792312624891e+01
9.215212568847546493e+01
9.083463514070410838e+01
9.119065697077331833e+01
9.599231953275247520e+01
9.128096418455722016e+01
8.543592137152165833e+01
8.765223570554836385e+01
9.256141172632364089e+01
9.495183202343105222e+01
8.848130723667856046e+01
9.414849254941978529e+01
8.663797473736542543e+01
9.818238516686946582e+01
9.524252627981213948e+01
