2.213213680542112372e-01
2.014776046491587591e-01
2.217402002190317356e-01
2.277532511916322555e-01
2.298110247034379217e-01
2.004999181365167693e-01
2.150158074433265731e-01
2.174662742403320470e-01
2.211610553795478884e-01
2.218424753995627274e-01
2.328975781229792319e-01
2.201979232749687043e-01
2.188613235537503476e-01
1.930443434444798767e-01
2.082690646878741503e-01
2.222321300208828510e-01
2.174576389065683013e-01
2.152655731958877661e-01
2.101770530502976853e-01
2.135782950462346008e-01
2.116172378061523529e-01
2.000835976759784141e-01
2.190009269480752419e-01
2.048274230595417411e-01
2.097795118511853740e-01
2.274249778701310787e-01
2.119682322912679884e-01
2.351750326216056064e-01
2.120286750137983789e-01
2.013382381431030599e-01
2.229366597099017022e-01
1.957126610057544625e-01
2.205491615301760633e-01
2.214441731070404262e-01
2.003374964172786876e-01
2.317958937315978962e-01
2.141798153897197243e-01
1.885007118425715833e-01
2.033159195919163331e-01
1.984101806754490493e-01
2.279528890222299042e-01
2.193676278889892250e-01
2.270989536640093398e-01
1.995687791898362040e-01
2.080753111256426202e-01
2.002289663394425101e-01
2.233649407805785858e-01
2.021233903435894486e-01
2.058490679181112781e-01
1.873251388023433051e-01
2.329945239250635625e-01
2.199566852600620681e-01
1.882629102254130271e-01
1.920460014296487827e-01
2.131745811764842458e-01
2.148014545579317314e-01
2.297588591551965598e-01
2.192803045426545139e-01
2.174470325714788488e-01
1.896894756980631591e-01
2.297999491304614506e-01
2.036228491788273365e-01
2.163059553273946056e-01
2.212282206749830726e-01
2.310508302830936722e-01
2.106700748032130088e-01
1.918675281008317968e-01
2.339810671568825773e-01
2.174687186449829890e-01
1.911749127559584371e-01
2.200236593531366691e-01
1.999181632769568284e-01
1.996507722289578290e-01
1.906062706698812004e-01
2.003432740409176183e-01
2.117583405586229151e-01
2.249041064278195778e-01
2.179749081292228496e-01
1.967459830085216133e-01
2.143340896736068979e-01
2.233860422583490712e-01
2.149972782620104272e-01
2.111041694881106434e-01
2.254480581808842865e-01
2.005118691172375067e-01
1.992844914749192231e-01
1.984877153359648483e-01
2.151428842972990252e-01
2.189711878691758262e-01
2.191648912359977219e-01
2.083579212232148370e-01
2.301574287272643848e-01
1.954591267402825960e-01
2.011691406739057608e-01
2.169430632670970027e-01
2.186411068422385306e-01
1.998609120716710874e-01
2.115691471502585685e-01
2.288379110317261544e-01
2.186446705948024705e-01
2.035216937747588439e-01
2.026819093207414268e-01
1.911295957819193481e-01
2.132784271342003379e-01
2.105866729854539710e-01
1.993109884540447130e-01
2.044663987724748000e-01
2.097305242092944166e-01
2.360281285869013368e-01
2.057576583702891149e-01
2.370320637555337062e-01
2.200077698981677821e-01
1.915871019755450988e-01
2.035166624925462409e-01
2.277043022807972439e-01
2.114679617131533518e-01
2.087287162059093815e-01
2.014840001188907825e-01
2.291561102989509435e-01
2.050326598184479820e-01
2.349127659685561476e-01
2.219922436194786131e-01
2.026616826887288614e-01
1.894521346421869368e-01
2.031788173102365980e-01
2.035465424704409332e-01
2.009613139142478466e-01
2.015957280130007412e-01
2.307674367144131045e-01
1.976833931243839604e-01
2.006607326414009962e-01
1.997487608932672631e-01
1.992370056701313341e-01
2.103544332051147103e-01
2.027282747491231663e-01
2.106770787268941736e-01
2.175460329478291488e-01
2.079822696028880147e-01
2.013752787542462397e-01
1.991934095636656576e-01
2.180446325370234140e-01
2.082160241084766716e-01
2.150269770861359397e-01
1.991984196807400909e-01
2.234872523278079448e-01
2.011888606615305775e-01
2.115643980107510258e-01
2.017153557330177704e-01
2.140845604536573410e-01
