9.440757756387613142e+01
9.112233264812851985e+01
9.466500116108690577e+01
8.778501932146734532e+01
9.956844055398562432e+01
9.137832978465925748e+01
9.929159315841803846e+01
9.509849422563679866e+01
1.011059783710768585e+02
8.804677471316249182e+01
8.917207029972395560e+01
9.242695872090742171e+01
8.892775255275586233e+01
1.093835873006528203e+02
9.549453913026414398e+01
9.489843236914059332e+01
8.817068603065270338e+01
9.503581172239884722e+01
8.628990839678429836e+01
9.294832897516909043e+01
9.349675063287413934e+01
9.511321132926461530e+01
9.368377405575834871e+01
8.698710142830043424e+01
9.208528256930544842e+01
9.272581455970276920e+01
9.760601353075081477e+01
9.371604299128695459e+01
9.988414073845127916e+01
8.599798318386382334e+01
8.765150552906314374e+01
9.554098910704240666e+01
8.714804978282768388e+01
9.674343703801822869e+01
9.370450199183640905e+01
9.482434987309810026e+01
9.461746315593234158e+01
9.679300330664467822e+01
9.142554288989624922e+01
9.282827283416408193e+01
9.531180563732223732e+01
9.483498600154375424e+01
9.716317584252391271e+01
9.177414913588968659e+01
9.433455116631998294e+01
8.384049576775645107e+01
1.024941518014835680e+02
9.553179665116368824e+01
9.380128749820113399e+01
9.800368820891713995e+01
9.536342175582505831e+01
9.535412005965697801e+01
9.882433773074559724e+01
9.690181693747793190e+01
9.453095813382262236e+01
1.005034549694519654e+02
9.163689766572470319e+01
9.748055882622290369e+01
9.617158918455722016e+01
9.295522076186925631e+01
9.607335702114158948e+01
9.652052409173568037e+01
9.987742671252142657e+01
9.525099236135639558e+01
9.156180751795596962e+01
8.997001182346247106e+01
8.872481210016091779e+01
9.082721751246123176e+01
8.804694822206523952e+01
9.474328119071915921e+01
9.362094645754019950e+01
9.078554205587607839e+01
8.899902599526406277e+01
9.535477676877690101e+01
9.383757293588183757e+01
9.265876248577258423e+01
9.868181451718407970e+01
9.432285546430392742e+01
9.765922103333464577e+01
9.443926256263328867e+01
9.558265172625822004e+01
9.783822469811738642e+01
9.499255706496853691e+01
9.402868988513415616e+01
8.588594152700918016e+01
9.988610097204232829e+01
9.330921612733361314e+01
9.376001331161609187e+01
9.789180080491122737e+01
8.607043942233474354e+01
9.323957940853252069e+01
8.664134438328296994e+01
9.448312180292266760e+01
9.276778433546580516e+01
1.002033600383322209e+02
8.428423411600402915e+01
9.459467936012661937e+01
9.769138686107513081e+01
1.091521465389798209e+02
9.970426789382105426e+01
