2.225354357892498636e-01
2.347335547367497000e-01
2.240441336501458602e-01
2.093562605549830480e-01
1.964011105763429355e-01
1.886886174689809681e-01
1.962034044964774127e-01
2.124490200796381456e-01
2.154396755963283450e-01
2.277214590084876422e-01
2.065987456238676523e-01
2.042780213534734213e-01
2.095499237345704591e-01
2.292676306301346945e-01
2.259124891423119619e-01
2.090589973143385238e-01
2.482063651981252228e-01
2.275941719723055534e-01
2.169613910108991461e-01
1.930818626903199053e-01
2.364266388556709730e-01
2.220437030514956778e-01
2.256945681377733048e-01
2.104438403499783450e-01
2.256326964018996462e-01
2.248963734018018523e-01
2.065296232427130119e-01
1.884314343737746311e-01
1.946197965016209785e-01
2.050329868114167675e-01
2.215504980088260356e-01
2.176808911219716702e-01
2.275464950893247573e-01
2.436827535801442679e-01
2.402371031338192686e-01
2.259276159652901239e-01
2.088506212615036384e-01
2.301272703651162932e-01
2.326291258005441509e-01
2.133585212269355214e-01
2.282284108670452893e-01
2.305123798101249288e-01
2.144586131130161444e-01
2.068499495648303821e-01
2.491408037224540351e-01
2.185385113088009756e-01
2.057785121768613834e-01
2.322088984734863859e-01
2.093096407632913936e-01
2.137300314679184965e-01
2.166282170286550346e-01
2.255772750246770042e-01
2.288895009254818813e-01
2.167418422983361237e-01
2.312492134819196521e-01
2.050005747149722390e-01
2.418082245579039613e-01
2.383978827416161073e-01
1.960423058924327944e-01
2.330097539888203451e-01
1.958034760017979270e-01
1.902080938747643668e-01
2.340974461849212596e-01
2.224777972757470690e-01
2.179329727726580790e-01
2.088122623802828037e-01
2.161551335319870926e-01
2.211239463832808672e-01
1.924161191432562368e-01
2.267424424860046139e-01
2.335105799416509753e-01
2.440749330424021035e-01
2.342723058657639468e-01
2.225153844978807471e-01
2.361843432435052070e-01
2.237084303472865743e-01
2.193897704939674065e-01
1.949666424017084954e-01
2.373059619868551351e-01
2.085362153774460714e-01
2.001835501829725417e-01
2.062537637628256981e-01
2.414832617041209883e-01
2.446417079083184065e-01
2.452726690768433915e-01
2.233564089335629554e-01
2.421163978816167073e-01
2.157176315815819423e-01
1.930142383305407938e-01
2.230922051635413073e-01
2.280808618454615022e-01
2.296337966218585380e-01
1.948848252216576205e-01
2.438311429399862007e-01
2.458554997262778763e-01
2.180533260612161905e-01
2.052493271463650404e-01
2.461212687798487175e-01
2.071065632636991116e-01
2.431074708049884014e-01
2.096477317965422804e-01
2.225728687659368765e-01
2.069891109095346737e-01
2.324311968297282371e-01
2.460280120034691320e-01
2.301289444872873236e-01
2.179921878432924398e-01
2.460368888696370104e-01
2.453423593526607993e-01
2.216207972863501185e-01
2.256207542571043168e-01
2.112966165283098885e-01
2.277169064154817846e-01
2.193677801710731678e-01
2.283856389509453522e-01
1.986088488912259309e-01
2.464396732878757768e-01
2.031406928677919332e-01
2.164243263594475275e-01
2.063884955515636888e-01
2.239097211946283195e-01
2.299250026788281775e-01
2.406275737284786220e-01
2.296176662023061976e-01
2.274778006826773114e-01
1.913356748548319108e-01
1.910916348656845898e-01
2.075553067345771718e-01
2.264135227430676967e-01
2.155600532219147936e-01
2.478301351562452182e-01
2.279992887362640441e-01
2.163869243311420387e-01
2.011559022784082384e-01
2.427130175382779254e-01
2.173274321550020816e-01
2.266304115783556450e-01
2.196278211126344027e-01
2.481413789336546494e-01
2.178509535764255878e-01
2.176884711562842578e-01
1.958305040964138100e-01
2.046411146104920864e-01
2.472937332939774691e-01
2.336218836025503176e-01
2.187024312261157399e-01
2.055779804286994861e-01
1.938555054471735595e-01
2.154240217624339704e-01
